0,-0,-0
0,0,0
1.7902,0,0
0,0,0
