0,-0,-0
0,0,0
-1.2651,0,0
0,0,0
